 0.034
  0.034
  0.034
  0.034
  0.017
  0.017
  0.017
  0.017
  0.034
  0.034
  0.034
  0.034
  0.034
  0.034
  0.017
  0.017
  0.034
  0.034
  0.017
  0.017
  0.017
  0.017
  0.017
  0.017
  0.017
  0.017
  0.034
  0.034
  0.017
  0.017
  0.017
  0.017
  0.017
  0.017
  0.017
  0.017
  0.034
  0.034
  0.034
  0.034
  0.017
  0.017
  0.017
  0.017
  0.017
  0.017
  0.034
  0.034
  0.017
  0.017
  0.017
  0.017
  0.017
  0.017
  0.017
  0.017
  0.034
  0.034
  0.017
  0.017
  0.017
  0.017
  0.017
  0.017
  0.034
  0.034
  0.034
  0.034
  0.017
  0.017
  0.017
  0.017
  0.017
  0.017
  0.034
  0.034
  0.017
  0.017
  0.017
  0.017
  0.017
  0.017
  0.017
  0.017
  0.034
  0.034
  0.017
  0.017
  0.017
  0.017
  0.017
  0.017
  0.017
  0.017
  0.034
  0.034
  0.017
  0.017
  0.017
  0.017
  0.017
  0.017
  0.017
  0.017
  0.034
  0.034
  0.017
  0.017
  0.017
  0.017
  0.017
  0.017
  0.034
  0.034
  0.017
  0.017
  0.017
  0.017
  0.017
  0.017
  0.017
  0.017
  0.034
  0.034
  0.017
  0.017
  0.017
  0.017
  0.017
  0.017
  0.017
  0.017
  0.034
  0.034
  0.017
  0.017
  0.017
  0.017
  0.017
  0.017
  0.017
  0.017
  0.034
  0.034
  0.017
  0.017
  0.017
  0.017
  0.017
  0.017
  0.017
  0.017
  0.034
  0.034
  0.034
  0.034
  0.017
  0.017
  0.017
  0.017
  0.034
  0.034
  0.034
  0.035
  0.017
  0.017
  0.017
  0.017
  0.017
  0.017
  0.034
  0.034
  0.017
  0.017
  0.017
  0.017
  0.017
  0.017
  0.017
  0.017
  0.034
  0.034
  0.017
  0.017
  0.017
  0.017
  0.017
  0.017
  0.017
  0.017
  0.034
  0.034
  0.017
  0.017
  0.017
  0.017
  0.017
  0.017
  0.017
  0.032
 