 0.041
  0.040
  0.041
  0.040
  0.020
  0.020
  0.020
  0.020
  0.020
  0.020
  0.043
  0.040
  0.020
  0.020
  0.020
  0.020
  0.020
  0.020
  0.020
  0.020
  0.041
  0.040
  0.020
  0.020
  0.020
  0.020
  0.020
  0.020
  0.020
  0.020
  0.043
  0.040
  0.020
  0.020
  0.020
  0.020
  0.020
  0.020
  0.020
  0.020
  0.040
  0.029
  0.020
  0.020
  0.020
  0.020
  0.020
  0.020
  0.040
  0.032
  0.020
  0.022
  0.020
  0.020
  0.020
  0.020
  0.021
  0.020
  0.041
  0.041
  0.020
  0.020
  0.020
  0.020
  0.020
  0.020
  0.020
  0.020
  0.041
  0.038
  0.020
  0.020
  0.020
  0.020
  0.020
  0.020
  0.020
  0.020
  0.036
  0.020
  0.020
  0.020
  0.020
  0.020
  0.020
  0.020
  0.020
  0.020
  0.041
  0.041
  0.020
  0.020
  0.020
  0.020
  0.020
  0.020
  0.041
  0.041
  0.020
  0.020
  0.020
  0.020
  0.020
  0.020
  0.020
  0.020
  0.041
  0.041
  0.020
  0.020
  0.021
  0.020
  0.021
  0.020
  0.020
  0.020
  0.041
  0.028
  0.020
  0.020
  0.020
  0.020
  0.020
  0.020
  0.020
  0.020
  0.041
  0.036
  0.020
  0.020
  0.020
  0.020
  0.020
  0.020
  0.041
  0.035
  0.020
  0.020
  0.020
  0.020
  0.020
  0.020
  0.020
  0.020
  0.041
  0.041
  0.020
  0.020
  0.020
  0.020
  0.020
  0.020
  0.020
  0.020
  0.041
  0.041
  0.020
  0.020
  0.020
  0.020
  0.020
  0.020
  0.020
  0.020
  0.041
  0.041
  0.020
  0.020
  0.020
  0.020
  0.020
  0.020
  0.041
  0.041
  0.020
  0.020
  0.020
  0.020
  0.021
  0.020
  0.020
  0.020
  0.041
  0.039
  0.020
  0.020
  0.020
  0.020
  0.020
  0.020
  0.020
  0.020
  0.041
  0.041
  0.020
  0.020
  0.020
  0.020
  0.020
  0.020
 